Nx=256
Ny=256
dx=0.00392157
dy=0.00392157
dt=26.3635
alpha=1.4e-07
T_cold=300
T_hot=500
