Nx=128
Ny=128
dx=0.00787402
dy=0.00787402
dt=106.286
alpha=1.4e-07
T_cold=300
T_hot=320
